DADOS: [0.0, -3.141592653589793, -1.5707963267948966, -1.5707963267948966, -1.5707963267948966, 1.5707963267948966, 6.252118446494088]
DADOS: [0.004166666666666667, -3.141671947897492, -1.570796471842135, -1.5707759325899064, -1.5708499736200277, 1.5707857613072318, 6.251795668520344]
DADOS: [0.008333333333333333, -3.141749639437294, -1.5707865676771755, -1.5707581968392086, -1.5708315856637525, 1.570736398592759, 6.2515426855194]
DADOS: [0.0125, -3.141831152458791, -1.5707756826569226, -1.570743212376184, -1.5707949422601313, 1.5706953331236015, 6.251270592747423]
DADOS: [0.016666666666666666, -3.1419220991212087, -1.5707699602799536, -1.5707288622395865, -1.570777829266877, 1.5706880418614755, 6.251024620633874]
DADOS: [0.020833333333333332, -3.1431198726397587, -1.5713070554306177, -1.5702266118854846, -1.570717057566752, 1.570712176627195, 6.249610049522655]
DADOS: [0.025, -3.1441996215594052, -1.5717938250300807, -1.569771661312479, -1.5706862005153674, 1.5707236648609089, 6.248289001641916]
DADOS: [0.029166666666666667, -3.1451672065914917, -1.572228443649425, -1.5693663543134757, -1.5706338652180187, 1.570704944582922, 6.247181130430473]
DADOS: [0.03333333333333333, -3.1460385541610796, -1.5726205223220167, -1.5690012910112374, -1.5705934027012642, 1.5706844199220007, 6.246172376156155]
DADOS: [0.0375, -3.1468228500148316, -1.5729737516519158, -1.5686726747894908, -1.5705592166268163, 1.570663675366285, 6.245258675039974]
DADOS: [0.041666666666666664, -3.147531643048091, -1.5732936775145614, -1.5683726311655428, -1.5705440247615565, 1.5706657644335187, 6.244452862721189]
DADOS: [0.04583333333333333, -3.148168005765236, -1.5735806511503974, -1.5681015506470384, -1.570523338724001, 1.5706536035802394, 6.243684804565954]
DADOS: [0.05, -3.1487408309197296, -1.5738387751855174, -1.567857370937695, -1.5705029416284888, 1.570646120976314, 6.243004756984243]
DADOS: [0.05416666666666667, -3.1492563946913865, -1.5740709778905821, -1.5676375597224856, -1.570483360095325, 1.5706406452338986, 6.242396921076751]
DADOS: [0.058333333333333334, -3.14972056317923, -1.5742799614754106, -1.5674396741766434, -1.5704652076543995, 1.5706380996519071, 6.241856405528163]
DADOS: [0.0625, -3.1501384711170943, -1.5744681484592211, -1.5672613520407, -1.5704493048204775, 1.5706373921604442, 6.2413741175054165]
DADOS: [0.06666666666666667, -3.1505147265129123, -1.5746376102102544, -1.5671006409786523, -1.5704354025556062, 1.5706381414611494, 6.240943983012524]
DADOS: [0.07083333333333333, -3.1508534529110745, -1.5747901834942535, -1.5669558144547313, -1.5704230749815948, 1.570639793908825, 6.240559715270387]
DADOS: [0.075, -3.151158327638256, -1.5749275137991785, -1.5668253036258546, -1.5704119320677346, 1.570641457464031, 6.240214131500946]
DADOS: [0.07916666666666666, -3.1514328029658634, -1.575051173488495, -1.5667076864395386, -1.5704021724765322, 1.5706439393023104, 6.239905458028819]
DADOS: [0.08333333333333333, -3.1516798350158526, -1.575162469796915, -1.5666016964388416, -1.5703932833272092, 1.5706462705420123, 6.2396274309236555]
DADOS: [0.0875, -3.1519022254637625, -1.5752626837323436, -1.5665061726357614, -1.5703854764923992, 1.570649099373741, 6.2393786899223995]
DADOS: [0.09166666666666666, -3.152102419943772, -1.575352908779398, -1.5664200792938379, -1.5703785437794497, 1.5706521571896714, 6.239155880491447]
DADOS: [0.09583333333333333, -3.15228262945946, -1.5754341376875218, -1.5663424828509136, -1.570372364513639, 1.5706553112694683, 6.238956161898072]
DADOS: [0.1, -3.1524447910731026, -1.5755072080291195, -1.56627256877906, -1.57036644302902, 1.5706580187709485, 6.238775353890475]
DADOS: [0.10416666666666667, -3.152590781157446, -1.5755730138176218, -1.5662095474254816, -1.570361313479496, 1.570660933587062, 6.238613332097969]
DADOS: [0.10833333333333334, -3.1527222046667243, -1.575632271888254, -1.566152736460468, -1.5703568321193138, 1.5706638634399877, 6.238467903168236]
DADOS: [0.1125, -3.1528405170177267, -1.5756856381866817, -1.5661015202058572, -1.5703529586216682, 1.570666726637283, 6.238337187042724]
DADOS: [0.11666666666666667, -3.1529470283361496, -1.5757336912287794, -1.5660553415963632, -1.5703496272071011, 1.570669483682781, 6.238219494611719]
DADOS: [0.12083333333333333, -3.153042889913177, -1.575776937465136, -1.5660137412910329, -1.570346244364734, 1.570672358108281, 6.238108285520584]
DADOS: [0.125, -3.1531291851490755, -1.5758158829815994, -1.5659762268362745, -1.5703433498242745, 1.570675042812145, 6.238011917132892]
DADOS: [0.12916666666666665, -3.1532068630112686, -1.5758509478728584, -1.5659423975446893, -1.5703408095699682, 1.570677560809568, 6.237928402055187]
DADOS: [0.13333333333333333, -3.1532767809585667, -1.5758825142211885, -1.5659118906168477, -1.5703385472533682, 1.5706799151111153, 6.237855879473757]
DADOS: [0.1375, -3.1533389818655526, -1.575910395329697, -1.5658852225627125, -1.5703339271278807, 1.5706764890618476, 6.237794914943827]
DADOS: [0.14166666666666666, -3.1533951485946283, -1.575935660724073, -1.5658610846902492, -1.5703308234687883, 1.5706744281610268, 6.237740682936627]
DADOS: [0.14583333333333334, -3.1534457941859237, -1.5759584505645046, -1.5658392490823867, -1.5703282659978663, 1.5706731601610042, 6.237692497985508]
DADOS: [0.15, -3.1534914732292614, -1.5759790231091746, -1.5658195023938057, -1.5703262531296476, 1.5706727366091482, 6.2376496680088565]
DADOS: [0.15416666666666667, -3.1535326717134446, -1.5759975918998947, -1.5658016500730185, -1.5703246851253325, 1.5706730496696801, 6.23761155893945]
DADOS: [0.15833333333333333, -3.153569827216196, -1.5760143504383715, -1.5657855150381708, -1.5703234847892262, 1.5706739646713976, 6.237577607635143]
DADOS: [0.1625, -3.1536033343900116, -1.5760294737926808, -1.565770936164129, -1.5703225887943375, 1.5706753515500382, 6.237547321645113]
DADOS: [0.16666666666666666, -3.153633549425871, -1.576043120259061, -1.5657577669042404, -1.570321943906482, 1.570677095361613, 6.237520272370024]
DADOS: [0.17083333333333334, -3.153660793923323, -1.5760554329460104, -1.5657458740402277, -1.5703215050393922, 1.5706790985339019, 6.237496086907273]
DADOS: [0.175, -3.15368535826179, -1.5760665412155883, -1.565735136530377, -1.5703212339762942, 1.5706812800158776, 6.237474440260521]
DADOS: [0.17916666666666667, -3.153707497801902, -1.5760765565503532, -1.565725459180284, -1.5703210721433152, 1.5706835012730762, 6.237455036475735]
DADOS: [0.18333333333333332, -3.1537274100063626, -1.5760855535288072, -1.5657168306247866, -1.57032084632802, 1.5706852937927938, 6.237437553079064]
DADOS: [0.1875, -3.1537453663042774, -1.5760936749299406, -1.565709059619736, -1.5703207863370205, 1.57068722457054, 6.237421845643274]
DADOS: [0.19166666666666665, -3.153761558867744, -1.5761010056099165, -1.5657020484189879, -1.5703208445977366, 1.5706892542929125, 6.237407747722511]
DADOS: [0.19583333333333333, -3.1537761562237687, -1.5761076181763027, -1.565695723723087, -1.5703209684291672, 1.5706912978225778, 6.237395091568662]
DADOS: [0.2, -3.153789313144374, -1.5761135810091582, -1.5656900201507098, -1.5703211327646471, 1.570693307856186, 6.237383724020085]
DADOS: [0.20416666666666666, -3.153801170827248, -1.5761189573019097, -1.5656848777424213, -1.5703213253099768, 1.570695261508143, 6.237373509401482]
DADOS: [0.20833333333333334, -3.1538118571269522, -1.5761238045022306, -1.5656802418403735, -1.570321537996978, 1.5706971463684705, 6.237364327769045]
DADOS: [0.2125, -3.153821487436974, -1.5761281745100209, -1.5656760629135937, -1.5703217643580134, 1.5706989546129237, 6.23735607261657]
DADOS: [0.21666666666666667, -3.1538301658438703, -1.5761321141518823, -1.5656722961984575, -1.570321998980293, 1.5707006810726685, 6.237348649051519]
DADOS: [0.22083333333333333, -3.1538379861860513, -1.5761356656663776, -1.5656689012683285, -1.5703222373838372, 1.5707023225420291, 6.2373419722907455]
DADOS: [0.225, -3.1538450330944503, -1.5761388671628636, -1.5656658416294487, -1.5703224759351284, 1.570703877413611, 6.237335966504744]
DADOS: [0.22916666666666666, -3.153851382859158, -1.5761417530191073, -1.5656630843376553, -1.5703227117337484, 1.5707053453766595, 6.237330563755665]
DADOS: [0.23333333333333334, -3.1538571042857284, -1.5761443542529496, -1.5656605996634259, -1.570322942509168, 1.5707067271730548, 6.2373257031637]
DADOS: [0.2375, -3.1538622593968926, -1.576146698843513, -1.5656583607768992, -1.5703231665169755, 1.57070802437312, 6.2373213300978145]
DADOS: [0.24166666666666667, -3.153866904117565, -1.5761488120320772, -1.565656343470731, -1.5703233824558207, 1.5707092391972437, 6.2373173955310435]
DADOS: [0.24583333333333332, -3.153871088860866, -1.5761507165852735, -1.5656545259057235, -1.5703235893892211, 1.5707103743567339, 6.237313855418838]
DADOS: [0.25, -3.1538748590808177, -1.576152433040055, -1.5656528883823764, -1.5703237866847173, 1.5707114329290155, 6.2373106701966305]
DADOS: [0.25416666666666665, -3.153878255742183, -1.5761539799166913, -1.565651413131583, -1.5703239739551755, 1.5707124182440515, 6.23730780428264]
DADOS: [0.2583333333333333, -3.1538813157884404, -1.5761553739223364, -1.5656500841304137, -1.570324151018284, 1.5707133338031298, 6.2373052257061]
DADOS: [0.2625, -3.1538840725024095, -1.5761566301203758, -1.5656488869273704, -1.5703243178504827, 1.5707141831963782, 6.2373029056879945]
DADOS: [0.26666666666666666, -3.1538865558878766, -1.5761577620958738, -1.5656478084921295, -1.5703244745578098, 1.5707149700490628, 6.237300818345585]
DADOS: [0.2708333333333333, -3.15388879300121, -1.5761587821016347, -1.5656468370790277, -1.5703246213488802, 1.570715697974834, 6.237298940403493]
DADOS: [0.275, -3.1538908082100825, -1.576159701182704, -1.5656459620959315, -1.5703247585071174, 1.5707163705303577, 6.237297250896199]
DADOS: [0.2791666666666667, -3.153892623485692, -1.5761605292996248, -1.565645173996289, -1.5703248863749093, 1.5707169911912655, 6.237295730965142]
DADOS: [0.2833333333333333, -3.153894258630708, -1.5761612754336134, -1.5656444641752192, -1.5703250053368065, 1.5707175633277302, 6.2372943636394735]
DADOS: [0.2875, -3.1538957314833356, -1.5761619476804785, -1.5656438248753701, -1.5703251158045388, 1.5707180901851867, 6.237293133635784]
DADOS: [0.2916666666666667, -3.153897058126617, -1.5761625533404384, -1.5656432491067611, -1.5703252182085048, 1.5707185748748234, 6.237292027206312]
DADOS: [0.29583333333333334, -3.1538982530521524, -1.5761630989940372, -1.565642730570101, -1.5703253129869563, 1.5707190203629482, 6.237291031971656]
DADOS: [0.3, -3.1538993293100916, -1.576163590572058, -1.5656422635869263, -1.5703254005787581, 1.5707194294655697, 6.237290136782523]
DADOS: [0.30416666666666664, -3.153900298666653, -1.5761640334217284, -1.5656418430418806, -1.5703254814191727, 1.5707198048483473, 6.2372893316090625]
DADOS: [0.30833333333333335, -3.153901171733653, -1.5761644323651987, -1.5656414643271745, -1.5703255559365923, 1.5707201490283826, 6.23728860743647]
DADOS: [0.3125, -3.1539019580527734, -1.5761647917448431, -1.5656411232880014, -1.5703256245445085, 1.570720464367658, 6.237287956127154]
DADOS: [0.31666666666666665, -3.1539026662281984, -1.576165115475851, -1.5656408161822646, -1.5703256876421872, 1.5707207530833298, 6.237287370365163]
DADOS: [0.3208333333333333, -3.1539033040216324, -1.5761654070890367, -1.565640539639861, -1.5703257456146253, 1.5707210172528177, 6.2372868435795406]
DADOS: [0.325, -3.153903878414833, -1.5761656697640736, -1.5656402906233204, -1.570325798827047, 1.5707212588123287, 6.237286369840921]
DADOS: [0.32916666666666666, -3.1539043956941657, -1.5761659063657811, -1.5656400663955239, -1.5703258476257496, 1.5707214795653723, 6.2372859438106545]
DADOS: [0.3333333333333333, -3.1539048615385123, -1.5761661194791687, -1.5656398644934044, -1.5703258923404015, 1.5707216811932614, 6.237285560703339]
DADOS: [0.3375, -3.153905281057428, -1.5761663114321842, -1.5656396826973356, -1.5703259332812338, 1.570721865255145, 6.237285216203983]
DADOS: [0.3416666666666667, -3.153905658845939, -1.576166484321213, -1.5656395190064067, -1.5703259707383332, 1.570722033195191, 6.237284906422902]
DADOS: [0.3458333333333333, -3.1539059990560516, -1.5761666400375334, -1.5656393716209214, -1.5703260049847438, 1.5707221863525784, 6.237284627872604]
DADOS: [0.35, -3.153906305413379, -1.5761667802827184, -1.5656392389170892, -1.570326036274157, 1.5707223259626402, 6.2372843774013536]
DADOS: [0.3541666666666667, -3.1539065812870386, -1.5761669065923807, -1.5656391194346557, -1.570326064844796, 1.570722453168849, 6.237284152188385]
DADOS: [0.35833333333333334, -3.1539068297102193, -1.5761670203496385, -1.56563901185846, -1.5703260909179408, 1.5707225690251156, 6.2372839496922134]
DADOS: [0.3625, -3.15390705341109, -1.5761671228001226, -1.5656389150030305, -1.570326114698873, 1.570722674502014, 6.237283767624844]
DADOS: [0.36666666666666664, -3.1539072548449503, -1.5761672150656956, -1.56563882780053, -1.5703261363773893, 1.5707227704920055, 6.23728360392545]
DADOS: [0.37083333333333335, -3.153907436222551, -1.5761672981566286, -1.5656387492894124, -1.5703261561285418, 1.5707228578152503, 6.237283456737565]
DADOS: [0.375, -3.1539075995402186, -1.5761673729844192, -1.5656386786041334, -1.5703261741154502, 1.570722937227165, 6.237283324400665]
DADOS: [0.37916666666666665, -3.15390774659782, -1.5761674403701005, -1.5656386149661596, -1.5703261904885062, 1.5707230094203661, 6.23728320541889]
DADOS: [0.3833333333333333, -3.153907879013058, -1.576167501053248, -1.56563855767321, -1.5703262053865972, 1.5707230750304118, 6.237283098448108]
DADOS: [0.3875, -3.153907998235525, -1.5761675556982526, -1.5656385060921025, -1.570326218935634, 1.570723134637452, 6.237283002267718]
DADOS: [0.39166666666666666, -3.1539081055864324, -1.5761676049067916, -1.5656384596550945, -1.570326231254178, 1.5707231887764042, 6.2372829157994945]
DADOS: [0.3958333333333333, -3.153908202239281, -1.5761676492174963, -1.565638417848259, -1.5703262424487296, 1.5707232379332041, 6.237282838054075]
DADOS: [0.4, -3.153908289267118, -1.5761676891189427, -1.5656383802115408, -1.5703262526192885, 1.5707232825558899, 6.237282768161445]
DADOS: [0.4041666666666667, -3.1539083676205935, -1.5761677250478698, -1.5656383463282184, -1.5703262618550375, 1.5707233230504067, 6.237282705319347]
DADOS: [0.4083333333333333, -3.1539084381714617, -1.5761677574009407, -1.5656383158254004, -1.5703262702405416, 1.5707233597911143, 6.237282648826704]
DADOS: [0.4125, -3.1539085016887487, -1.5761677865322952, -1.56563828836483, -1.5703262778507285, 1.5707233931161928, 6.2372825980338344]
DADOS: [62.199999999999996, -3.1539090730365342, -1.5761680500064346, -1.5656380548515496, -1.5703262622709662, 1.5707237144419415, 6.237282549963642]
DADOS: [62.204166666666666, -3.15292494211304, -1.607063609879152, -1.4640801059669724, -1.6616751246253074, 1.5706748803689676, 6.238238786341587]
DADOS: [62.208333333333336, -3.1521387932812552, -1.635106390791122, -1.3516992595629682, -1.7450175525029443, 1.571029768212144, 6.239116057516395]
DADOS: [62.2125, -3.151286139013813, -1.6601864458491078, -1.2504398454484607, -1.8184919246145932, 1.570829466720763, 6.239968233813894]
DADOS: [62.21666666666667, -3.1504985537270813, -1.6828871523193265, -1.159120545806335, -1.8844780682968623, 1.5706237852796934, 6.24078043525464]
DADOS: [62.22083333333333, -3.1497786893643607, -1.7035312124542954, -1.0766782021726102, -1.9438999687586642, 1.570423173292845, 6.241516421786258]
DADOS: [62.225, -3.1491207641459646, -1.7223883199369334, -1.0021588270356196, -1.9974296610861917, 1.5702459804580287, 6.2421892640546295]
DADOS: [62.229166666666664, -3.1485198782804487, -1.7397006802352193, -0.9347058968093633, -2.0456848303676263, 1.5700977989963676, 6.242803899106322]
DADOS: [62.233333333333334, -3.147971697316852, -1.7556837843737847, -0.8735499207430956, -2.089207906325512, 1.569979039248327, 6.2433647098573015]
DADOS: [62.2375, -3.147473100534054, -1.7705294855560751, -0.81800018520841, -2.128478587120659, 1.5698875298546076, 6.243874857514551]
DADOS: [62.24166666666667, -3.1470225093638713, -1.7844083955609218, -0.7674373857825967, -2.163922890178321, 1.5698198486818593, 6.244335968773592]
DADOS: [62.24583333333333, -3.1466200732346614, -1.7974719959440348, -0.7213070544936255, -2.195920564313089, 1.569772209647222, 6.244747953849429]
DADOS: [62.25, -3.1462677302996953, -1.8098543890790877, -0.679113692855753, -2.224810806200121, 1.56974094494497, 6.245108942352932]
DADOS: [62.25416666666666, -3.145969195498045, -1.8216738034707398, -0.640415523912625, -2.25089688556588, 1.569722742246507, 6.245415295351353]
DADOS: [62.25833333333333, -3.1457292548319367, -1.8330331795717287, -0.6048215612291233, -2.274445730658658, 1.5697102789073802, 6.245674426862845]
DADOS: [62.262499999999996, -3.1455559900033037, -1.8440233516478124, -0.5719819252658885, -2.2957034115651243, 1.569710769920734, 6.245846724665239]
DADOS: [62.266666666666666, -3.1454573102472208, -1.8547220212990572, -0.5415884421710062, -2.3148875182243156, 1.5697126492381082, 6.245953839561132]
DADOS: [62.270833333333336, -3.1454433658171226, -1.8651951526538422, -0.5133719310551862, -2.3321882189293928, 1.5697195881856294, 6.245969715626271]
DADOS: [62.275, -3.1455252659950883, -1.8754982524096557, -0.48709625963093744, -2.3477761088188562, 1.5697307942067957, 6.2458837507805915]
DADOS: [62.27916666666667, -3.145715107027094, -1.8856768376869728, -0.4625560629908231, -2.361801889730459, 1.5697451837191239, 6.245683908707241]
DADOS: [62.28333333333333, -3.146025918510922, -1.8957676842279663, -0.4395733579705308, -2.3743994348764854, 1.5697622532826119, 6.245361283791441]
DADOS: [62.2875, -3.1464712901641003, -1.9057991212939611, -0.41799516449962876, -2.385685966134394, 1.5697805305026653, 6.244907444982695]
DADOS: [62.291666666666664, -3.147065328683244, -1.915791919741776, -0.397690800241699, -2.395764444031179, 1.5697986155650465, 6.244307728257908]
DADOS: [62.295833333333334, -3.147822795296077, -1.9257611057501722, -0.3785480888516512, -2.4047280262485717, 1.5698172415406149, 6.243544521568487]
DADOS: [62.3, -3.1487584730035625, -1.935715981783167, -0.36047162013411627, -2.4126583063333045, 1.5698354591774992, 6.24259518067609]
DADOS: [62.30416666666667, -3.149887175021839, -1.945661101833026, -0.3433798946477207, -2.419628386509578, 1.5698525784441677, 6.241452041502061]
DADOS: [62.30833333333333, -3.151223623125184, -1.9555970747517986, -0.3272031910390618, -2.42570450426046, 1.5698683581478845, 6.240104485854186]
DADOS: [62.3125, -3.152782174108507, -1.9655213258608268, -0.31188146642029463, -2.4309467911628917, 1.56988180418792, 6.238536210201682]
DADOS: [62.31666666666666, -3.1545767441914774, -1.975428546844172, -0.2973628057548417, -2.435410183375901, 1.5698929174123486, 6.236732821985908]
DADOS: [62.32083333333333, -3.156620498838051, -1.9853112577271164, -0.28360173848780895, -2.4391445366733477, 1.569900219123503, 6.2346800922930745]
DADOS: [62.324999999999996, -3.1589259093281727, -1.9951600360323996, -0.27055831631437954, -2.4421951562023114, 1.5699045124787827, 6.23236783200656]
DADOS: [62.329166666666666, -3.1615052793000333, -2.0049658528402325, -0.25819530219693393, -2.444610369321766, 1.569914855311243, 6.229792764254424]
DADOS: [62.333333333333336, -3.164368615730633, -2.014716979240634, -0.24648077365526183, -2.4464346447452163, 1.569922532347783, 6.226932771548044]
DADOS: [62.3375, -3.1675252547132446, -2.024401185982291, -0.23538462399606624, -2.4477084865860994, 1.5699278153930334, 6.223779605968187]
DADOS: [62.34166666666667, -3.170983352334633, -2.034006058349167, -0.2248786496731539, -2.448471824963409, 1.5699311386366153, 6.220322227954124]
DADOS: [62.34583333333333, -3.1747503121972582, -2.0435192639757234, -0.21493699866597446, -2.448769409277439, 1.5699414447631026, 6.2165638369909315]
DADOS: [62.35, -3.1788300744474958, -2.0529250516010236, -0.20553553356506807, -2.448620641292449, 1.5699382221474265, 6.212490739556485]
DADOS: [62.354166666666664, -3.1832278278069817, -2.062213080293456, -0.19664898031516917, -2.4480769697127474, 1.5699353432384109, 6.20809736006824]
DADOS: [62.358333333333334, -3.187945927975273, -2.0713701400985043, -0.18825457029603235, -2.4471723764942173, 1.5699313780686088, 6.20338427145639]
DADOS: [62.3625, -3.192985397856287, -2.0803831193209548, -0.18033032870109822, -2.445941244442126, 1.5699260527188645, 6.198350473659363]
DADOS: [62.36666666666667, -3.1983457868370575, -2.0892391935524723, -0.1728551516570664, -2.444417395079823, 1.5699190516856856, 6.1929959363319576]
DADOS: [62.37083333333333, -3.2040251801646957, -2.0979258218297687, -0.16580871279581164, -2.4426338307158435, 1.5699103009242412, 6.1873222077573695]
DADOS: [62.375, -3.210020216227647, -2.1064308078532634, -0.15917139182389126, -2.4406226767216097, 1.5699000048155158, 6.181332577065416]
DADOS: [62.37916666666666, -3.216326084966385, -2.114742296804479, -0.1529243147456445, -2.438414965613459, 1.5698882183253717, 6.175031671347776]
DADOS: [62.38333333333333, -3.2229365764742783, -2.1228488432830956, -0.1470493168734971, -2.436040651196061, 1.5698750223599025, 6.168425540205484]
DADOS: [62.387499999999996, -3.229844126002986, -2.130739465272119, -0.14152893280852957, -2.4335285589289772, 1.5698605136536599, 6.16152161535952]
DADOS: [62.391666666666666, -3.237039865399515, -2.1384036932506065, -0.1363463882003233, -2.430906341714551, 1.5698447788545014, 6.1543286431808575]
DADOS: [62.395833333333336, -3.2445136851742835, -2.145831611458932, -0.13148559329103338, -2.4282004260750267, 1.5698279369216603, 6.146856645425064]
DADOS: [62.4, -3.2522542981517097, -2.153013899701317, -0.12693113568765885, -2.425435974544686, 1.5698101120469068, 6.139116839728652]
DADOS: [62.40416666666667, -3.2602493095891187, -2.159941870906605, -0.12266827247297378, -2.422636850701016, 1.5697914337496024, 6.131121569252846]
DADOS: [62.40833333333333, -3.2684856775850055, -2.166607549968168, -0.11868303263353676, -2.4198256373316065, 1.5697796544731526, 6.122894632446895]
DADOS: [62.4125, -3.2769484594653107, -2.1730036580937737, -0.11496170132000773, -2.4170236086199526, 1.5697630260613544, 6.114433746066881]
DADOS: [62.416666666666664, -3.2856222587772415, -2.1791233145891544, -0.11149175527007717, -2.414250086887484, 1.5697401573362215, 6.105753783910315]
DADOS: [62.420833333333334, -3.2944913829053086, -2.1849608212629477, -0.10826090639818489, -2.4115238738912677, 1.5697184285452666, 6.096879260007008]
DADOS: [62.425, -3.3035390446185313, -2.1905111611233807, -0.10525759664415321, -2.408862063173321, 1.5696970577109002, 6.087825695409656]
DADOS: [62.42916666666667, -3.312747848030674, -2.195770000265258, -0.10247085255146342, -2.4062802186179915, 1.569675829819558, 6.078610061637987]
DADOS: [62.43333333333333, -3.3220998716606007, -2.200733811516407, -0.0998902692384264, -2.4037925511216196, 1.569654765956791, 6.069250185404434]
DADOS: [62.4375, -3.331576749351501, -2.20539987623988, -0.09750599067020951, -2.4014119029909824, 1.5696339661869585, 6.0597644566075495]
DADOS: [62.44166666666666, -3.341159652107018, -2.2097663778554146, -0.0953089599475077, -2.399152454929791, 1.5696119720844186, 6.0501670224095605]
DADOS: [62.44583333333333, -3.350829611638154, -2.2138319602197587, -0.09329021176665131, -2.3970219523907623, 1.5695898332987464, 6.040480887455314]
DADOS: [62.449999999999996, -3.360567481868488, -2.217596394945524, -0.09144133312629647, -2.39502883967448, 1.569568041816069, 6.0307258542973265]
DADOS: [62.454166666666666, -3.3703539922707737, -2.2210602906976047, -0.08975441830569246, -2.393180689059598, 1.5695467793917286, 6.020921206610034]
DADOS: [62.458333333333336, -3.380169846244459, -2.2242250292529624, -0.08822200311435573, -2.391483743309166, 1.5695261571580146, 6.011086314977438]
DADOS: [62.4625, -3.389995813372907, -2.22709277884598, -0.0868370260944559, -2.389942937146219, 1.5695062758277478, 6.001240548022925]
DADOS: [62.46666666666667, -3.3998128141617796, -2.2296665033168432, -0.08559279952781301, -2.3885619685804893, 1.5694872302069955, 5.991403139989352]
DADOS: [62.47083333333333, -3.4096020009520207, -2.231949959413671, -0.0844829817120489, -2.3873433512312165, 1.5694691063155117, 5.981593091965568]
DADOS: [62.475, -3.419344836332143, -2.23394768795015, -0.08350154863905371, -2.3862884571746488, 1.5694519798210862, 5.9718290898225925]
DADOS: [62.479166666666664, -3.429023169092202, -2.23566500214751, -0.08264276506330168, -2.3853975591428127, 1.5694359155002156, 5.962129427703229]
DADOS: [62.483333333333334, -3.4386193074328064, -2.237107974044685, -0.08190115527485689, -2.384669875004644, 1.5694209670876578, 5.952511934477866]
DADOS: [62.4875, -3.448116089005836, -2.2382834189918475, -0.0812714734636275, -2.384103614727448, 1.5694071772063913, 5.942993903157377]
DADOS: [62.49166666666667, -3.4574969474923316, -2.2391988782839434, -0.08074867416948003, -2.383696029948175, 1.5693945774110962, 5.933592023778737]
DADOS: [62.49583333333333, -3.466745975232971, -2.239862599701364, -0.0803278825298066, -2.3834434658499353, 1.5693831882958633, 5.9243223201825]
DADOS: [62.5, -3.47584798153, -2.2402835158392533, -0.08000436461609942, -2.3833414153554635, 1.56937301968596, 5.915200091146182]
DADOS: [62.50416666666666, -3.484788546220206, -2.2404712203371413, -0.0797734981896331, -2.38338457550109, 1.5693640703418001, 5.906239855656472]
DADOS: [62.50833333333333, -3.493554067968632, -2.240435941928421, -0.0796307438447327, -2.3835669056388036, 1.5693563256680236, 5.897455300937753]
DADOS: [62.512499999999996, -3.5021318073003203, -2.240188514578466, -0.07957161664337674, -2.383881688303949, 1.569349764689423, 5.888859246459329]
DADOS: [62.516666666666666, -3.5105099233457415, -2.239740346752258, -0.07959165891990685, -2.384321592223484, 1.569344360254242, 5.8804636078042085]
DADOS: [62.520833333333336, -3.518677504067772, -2.239103387090445, -0.07968641413135577, -2.384878735390092, 1.5693400779021034, 5.872279363855246]
DADOS: [62.525, -3.526624589637766, -2.2382900874706784, -0.07985140238023627, -2.3855447494210975, 1.5693368735266653, 5.864316529440733]
DADOS: [62.52916666666667, -3.534342188668679, -2.2373133630752484, -0.08008209763136875, -2.3863108454361392, 1.569334693391996, 5.85658414000689]
DADOS: [62.53333333333333, -3.5418222870154588, -2.2361865489964234, -0.080373907395361, -2.387167881456281, 1.5693334747240422, 5.84909023888223]
DADOS: [62.5375, -3.5490578490073075, -2.234923355929764, -0.080722154793884, -2.3881064288052087, 1.5693331517870965, 5.841841876962623]
DADOS: [62.541666666666664, -3.5560428104613404, -2.2335378210272876, -0.0811220637823966, -2.389116836260846, 1.5693336548280932, 5.8348451265328265]
DADOS: [62.545833333333334, -3.562772063711136, -2.2320442560464726, -0.081568747777803, -2.3901892954202446, 1.5693349099364802, 5.828105095889781]
DADOS: [62.55, -3.5692414346473718, -2.2304571930422172, -0.08205720221015166, -2.3913139053516534, 1.569336839895297, 5.821625951423004]
DADOS: [62.55416666666667, -3.5754476517835934, -2.22879132743944, -0.08258230139673835, -2.3924807349999133, 1.5693393649090928, 5.815410949292599]
DADOS: [62.55833333333333, -3.5813883074963138, -2.2270614584197093, -0.0831387997977862, -2.393679883004952, 1.569342403355697, 5.809462474997722]
DADOS: [62.5625, -3.587061811820426, -2.225282427071813, -0.08372133831011881, -2.3949015347962432, 1.569345872215169, 5.803782088784405]
DADOS: [62.56666666666666, -3.5924673391191115, -2.223469052321452, -0.08432445548401359, -2.3961360163499337, 1.5693496880083204, 5.798370579597615]
DADOS: [62.57083333333333, -3.597604768206368, -2.221636065089761, -0.08494260386266891, -2.3973738444193073, 1.569353767655918, 5.793228028327745]
DADOS: [62.574999999999996, -3.6024746164823025, -2.2197980410682305, -0.08557017158905315, -2.3986057729245815, 1.569358028497986, 5.788353869791175]
DADOS: [62.579166666666666, -3.6070779689015846, -2.2179693321760587, -0.0862015088096585, -2.3998228352821847, 1.5693623897189846, 5.783746967300485]
DADOS: [62.583333333333336, -3.6114164024693483, -2.216163997567095, -0.08683095899950154, -2.4010163825990065, 1.5693667722520193, 5.7794056899186295]
DADOS: [62.5875, -3.6154919073098344, -2.214395734157205, -0.08745289453329165, -2.402178117507841, 1.5693710997330097, 5.775327988443359]
DADOS: [62.59166666666667, -3.619306805194712, -2.212677807630549, -0.08806175605463061, -2.4033001238008436, 1.5693752986386325, 5.771511477721481]
DADOS: [62.59583333333333, -3.622863666649092, -2.2110229841318865, -0.08865209505318498, -2.404374892351428, 1.5693792989977013, 5.767953525559842]
DADOS: [62.6, -3.6261652276742566, -2.209443463274594, -0.08921861871701883, -2.4053953431363087, 1.5693830348039979, 5.764651332778206]
DADOS: [62.604166666666664, -3.6292143072163214, -2.2079508131637398, -0.0897562362696241, -2.406354843805202, 1.5693864440414322, 5.7616020163563055]
DADOS: [62.608333333333334, -3.6320137265315915, -2.2065559078704995, -0.09026010578573, -2.4072472253201327, 1.5693894689901813, 5.758802690924513]
DADOS: [62.6125, -3.6345662315708904, -2.2052688679451973, -0.09072568054814584, -2.408066795256969, 1.5693920566837278, 5.756250545893198]
